#
#Tue Apr 20 15:32:21 CEST 2010
C=0,0 60,0 60,20 20,20 20,80 60,80 60,100 0,100
A=20,0 60,0 90,100 70,100 50,20 30,20 30,40 50,50 30,60 20,100 0,100
k=0,0 20,0 20,50 40,30 70,30 40,60 70,100 40,100 20,70 20,100 0,100
L=0,0 20,0 20,80 60,80 60,100 0,100
J=40,0 60,0 60,100 0,100 0,80 40,80
H=0,0 20,0 20,40 50,40 50,0 70,0 70,100 50,100 50,60 20,60 20,100 0,100
G=0,0 60,0 60,20 20,20 20,80 40,80 40,60 30,60 30,40 60,40 60,100 0,100
F=0,0 60,0 60,20 20,20 20,40 40,40 40,60 20,60 20,100 0,100
E=0,0 60,0 60,20 20,20 20,40 50,40 50,60 20,60 20,80 60,80 60,100 0,100
